# Created by Octave 6.4.0, Thu Mar 10 23:00:00 2022 UTC <unknown@oo-cluster-back6-fv4b>
# name: Glst
# type: global cell
# rows: 1
# columns: 10
# name: <cell-element>
# type: matrix
# rows: 1
# columns: 3
 98952 97867 98933



# name: <cell-element>
# type: matrix
# rows: 1
# columns: 3
 98928 100752 100754



# name: <cell-element>
# type: matrix
# rows: 1
# columns: 3
 98929 98930 98966



# name: <cell-element>
# type: matrix
# rows: 1
# columns: 3
 98938 98956 97367



# name: <cell-element>
# type: matrix
# rows: 1
# columns: 3
 99791 99144 99139



# name: <cell-element>
# type: matrix
# rows: 1
# columns: 3
 99159 99137 99150



# name: <cell-element>
# type: matrix
# rows: 1
# columns: 3
 96056 98934 98970



# name: <cell-element>
# type: matrix
# rows: 1
# columns: 3
 99156 99153 99156



# name: <cell-element>
# type: matrix
# rows: 1
# columns: 3
 99147 99145 99170



# name: <cell-element>
# type: matrix
# rows: 1
# columns: 3
 98950 98932 98951





